1
1
1
2
2
2
3
3
3
4
4
4
5
5
5
6
6
6
7
7
7
8
8
8
1
1
1
2
2
2
3
3
3
4
4
4
5
5
5
6
6
6
7
7
7
8
8
8
1
1
1
2
2
2
3
3
3
4
4
4
5
5
5
6
6
6
7
7
7
8
8
8
1
1
1
2
2
2
3
3
3
4
4
4
5
5
5
6
6
6
7
7
7
8
8
8
1
1
1
2
2
2
3
3
4
4
4
5
5
5
6
6
6
7
7
7
8
8
8
1
1
1
2
2
2
3
3
3
4
4
4
5
5
5
6
6
6
7
7
7
8
8
8
1
1
1
2
2
2
3
3
3
4
4
4
5
5
5
6
6
6
7
7
7
8
8
8
1
1
1
2
2
2
3
3
3
4
4
4
5
5
5
6
6
6
7
7
7
8
8
8
1
1
1
2
2
2
3
3
3
4
4
4
6
6
6
7
7
7
8
8
8
1
1
1
2
2
2
3
3
3
4
4
4
5
5
5
6
6
6
7
7
7
8
8
8
1
1
1
2
2
2
3
4
4
4
5
5
6
6
6
7
7
7
8
8
8
1
1
2
3
3
3
4
6
6
6
7
2
3
4
5
6
6
7
7
8
8
3
3
6
7
8
3
1
3
4
5
6
6
2
1
1
2
3
3
3
4
4
5
5
6
7
7
7
8
8
8
2
3
4
7
1
1
2
2
3
3
4
4
5
5
6
7
7
7
8
8
1
5
5
7
8
8
1
1
1
2
2
2
3
3
3
4
4
4
5
6
6
6
7
7
8
7
1
3
4
4
7
8
4
6
1
2
3
5
6
6
7
7
8
3
1
4
8
8
2
2
3
5
5
8
1
1
3
4
5
6
6
6
7
7
8
8
1
1
2
2
2
3
3
3
4
4
4
5
6
6
6
7
7
7
8
8
